100
1318
2227
3992
2619
5044
97
152
8685
5645
5071
7019
78
1531
8656
323
34
9956
7
51
9250
21
809
9624
26
767
9914
17
12
9895
5
337
9860
73
7
9232
53
97
9525
8
169
9754
19
1178
3533
62
1
9992
2
768
9605
5
169
449
56
916
9631
33
4152
8987
1744
2276
5200
4928
2633
3456
3977
360
9894
55
42
9531
21
492
9403
52
4514
8335
5228
1679
6006
42
654
9256
7
256
9406
27
6827
6827
6827
98
9024
37
210
9325
91
2016
2017
1932
262
9751
63
33
9916
8
249
9105
46
2052
3519
4057
991
9673
68
3199
8255
7710
792
9745
66
524
9636
72
15
9855
1
69
5139
7000
7
9999
10
772
4444
9453
123
9906
1
609
9643
39
358
9409
13
1345
1594
6510
8267
8577
4666
437
9662
92
835
9015
47
3538
7225
5784
18
9950
9
848
9713
12
594
9583
68
1246
6600
15
715
1039
146
4888
5400
3440
576
9854
62
11
9981
4
670
9661
70
83
469
37
103
368
61
119
9992
46
466
9019
17
82
9235
79
52
382
79
954
9823
62
108
337
31
8271
8649
94
685
9793
40
8001
8541
9805
5221
9970
7456
558
9769
24
4896
9131
55
827
6021
5036
4720
4932
7370
33
9883
3
5224
5451
9118
7921
8894
8730
171
395
7
905
7026
6454
39
395
69
920
9653
37
892
9477
46
731
4803
3965
2502
9340
813
902
9156
21
13
9981
6
382
9548
10
1469
2057
98
9850
9850
9850
5065
7158
6745
236
282
49
2086
2086
2086
4236
8385
2061
1176
2101
84
932
4152
8681
6815
7312
48
